000040
000105
000140
000145
000270
000300
000390
000440
000545
000660
000890
000910
000950
000990
001200
001340
001360
001390
001440
001515
001530
001550
001570
001630
001740
001755
001780
001795
002070
002100
002140
002170
002210
002320
002410
002630
002690
002700
002720
002780
002840
002870
002990
002995
003070
003075
003090
003350
003480
003495
003535
003580
003620
003720
003800
003850
004060
004140
004410
004540
004545
004560
004650
004770
004830
004835
004985
00499K
005110
005290
005320
005380
005670
005690
005745
005850
005930
005935
005965
006050
006110
006200
006280
006405
006740
006890
007110
007280
007330
007370
007530
007540
007575
007700
007815
007860
008260
008355
008730
008775
008830
008930
009070
009140
009180
009190
009415
009440
009460
009520
009680
009830
009835
010100
010240
010280
010640
010660
010690
011080
011090
011150
011320
011330
011500
011690
011785
011930
012205
012340
012510
012610
012690
012790
012800
013000
013310
013580
013700
013810
014130
014160
014190
014285
014570
014580
014680
014825
014915
014940
014970
014990
015590
015710
015860
016600
016670
016920
017180
017550
017810
017890
018000
018290
018310
018500
018680
018700
019175
019180
019490
019540
019550
019570
019770
020120
020180
020400
020560
020760
021050
021080
023150
023440
023600
023790
023800
023900
024060
024840
024850
024940
024950
025540
025750
025820
025870
025880
025950
026890
026940
027050
027580
027740
027830
027970
028100
028300
029480
030190
030210
031310
031330
031430
032190
032500
032620
032640
032680
032685
032800
032820
032850
032860
033130
033170
033200
033240
033250
033270
033310
033320
033340
033640
033830
034020
03473K
035150
035890
035900
036030
036090
036120
036200
036480
036540
036560
036570
036620
036640
036670
036800
036810
036830
037070
037230
037270
037330
037440
037950
038010
038070
038110
038290
038680
038870
038950
039310
039340
039440
039830
039860
040350
040910
041020
041460
041510
041520
041910
041920
041930
042040
042370
042500
042510
042600
042660
042700
043220
043370
043610
044340
044380
044490
044960
044990
045060
045340
045520
045660
045970
046210
047080
047310
047400
047560
047820
047920
048410
048530
048770
048910
049480
049550
050110
050760
050860
050890
050960
051160
051380
051490
051630
051910
051915
051980
052220
052260
052400
052420
052460
052600
052790
052860
052900
053060
053280
053300
053580
053610
053980
054040
054090
054300
054450
054620
054780
054920
054930
056700
057030
057680
058110
058400
058430
059090
059100
060280
060310
060370
060480
060720
060900
061040
061250
061970
063160
063170
064290
064550
064760
064820
064850
064960
065130
065350
065370
065450
065500
065530
065660
065710
065770
065950
066130
066310
066430
066570
066575
066700
066900
067000
067010
067160
067570
067630
067990
068050
068240
068290
068330
068790
068930
068940
069140
069510
069920
070590
070960
071280
071670
071970
072470
073110
073190
073490
073540
073640
075580
075970
076080
077360
077500
078130
078140
078350
078590
078600
078890
079810
080580
080720
081000
081150
082210
082270
082740
082800
082850
083310
083450
083500
083550
083650
083930
084010
084440
084650
084680
084730
086040
086060
086520
086670
088290
088390
088790
088800
089010
089140
089150
089230
089790
089850
089890
089970
089980
090150
090355
090470
090850
091340
091580
091590
091700
092600
092870
093320
093380
094360
094840
094850
094860
095340
095610
095910
096530
096610
096770
096775
097230
097520
097780
097800
098120
099220
099320
099410
100030
100090
100130
100660
100700
100840
101160
101730
102120
102710
104040
104460
104480
105330
105740
106240
107590
107640
109740
109820
110020
110990
111710
112610
114450
115180
115440
115500
117730
118000
118990
119650
119830
120240
121600
121800
122310
122450
122640
122870
122990
123010
123040
123410
123570
123690
123750
123840
123860
125210
126340
126880
127120
127710
128660
129260
130500
130740
131220
131400
131760
133750
133820
134060
136480
137400
137950
138610
139670
140070
140410
141080
142210
142280
143540
144510
144960
147760
148250
148780
149980
150900
153460
154030
155650
159580
160980
161580
163560
166090
166480
170030
170920
171010
171120
173130
174900
175250
177350
178320
179900
180640
18064K
181710
182400
183300
185750
186230
187870
192400
192440
192650
194480
194700
197140
199800
200130
200350
200470
200710
200780
200880
205470
206400
206640
206650
207760
208370
208640
210980
211050
213420
214150
214260
214330
214450
214610
214680
215100
215200
215380
216050
217190
217270
217500
217820
218150
218410
219130
219420
219550
220260
222800
222980
224110
225220
225430
226320
226340
226400
226950
228340
228760
229640
230240
230360
234100
234920
236200
237690
237880
238120
239890
241520
241790
241820
245620
246690
246710
250000
251370
252500
253590
253840
256840
256940
258610
258790
259630
260660
263020
263600
263690
263720
263800
264660
265560
267260
267320
267980
269620
270520
270870
271980
272110
272450
277880
278280
279600
281820
282330
284620
284740
285130
28513K
285490
286750
286940
288620
289080
290270
290550
290650
290740
293580
293780
297090
297570
298040
299660
299900
302550
310200
314130
317400
319400
900070
900140
900250