000070
000100
000105
000120
000155
000230
000240
000250
000270
000325
000370
000390
000400
000430
000440
000480
000490
000500
000520
000540
000545
000660
000670
000680
000720
000810
000880
000910
000950
000990
001045
00104K
001060
001080
001200
001210
001250
001260
001270
001290
001340
001380
001390
001430
001440
001460
001465
001470
001500
001510
001515
001530
001570
001680
001720
001750
001770
001780
001790
001795
001940
002020
002025
002140
002150
002200
002220
002240
002360
002380
002410
002420
002460
002630
002710
002720
002800
002820
002870
002880
002900
002990
003010
003030
003075
003120
003230
003240
003280
003350
003480
003530
003535
003540
003570
003580
003610
003670
003720
003780
003850
003920
003925
003960
004000
004090
004100
004105
004140
004170
004360
004370
004490
004560
004700
004710
004770
004800
004840
004870
004920
004970
004990
005010
005070
005110
005160
005180
005300
005320
005380
005385
005420
005430
005440
005690
005710
005810
005850
005860
005870
005945
005950
005960
006040
006090
006110
006120
006220
006260
006340
006400
006405
006490
006570
006620
006650
006660
006730
006740
006800
006805
006840
006880
006890
006910
007110
007160
007340
007370
007390
007530
007540
007660
007700
007720
007770
007815
007860
008040
008260
008290
008350
008355
008500
008600
008730
008830
008870
008930
008970
009070
009180
009190
009200
009240
009300
009410
009420
009440
009450
009470
009520
009540
009580
009620
009780
009830
009835
009970
010060
010100
010120
010130
010170
010280
010470
010580
010640
010660
010690
010770
010820
010950
010955
011070
011150
011200
011210
011230
011300
011330
011420
011500
011560
011760
011810
011930
012030
012170
012210
012320
012450
012510
012860
013310
013360
013520
013580
013700
013810
013890
013990
014160
014470
014580
014620
014680
014710
014820
014830
014940
014970
014990
015020
015230
015260
015590
015710
015750
015760
015860
016100
016360
016590
016610
016740
016790
016800
016880
016920
017370
017510
017960
018000
018290
018310
018470
018500
018670
019010
019175
019180
019540
019660
019990
020150
021080
021820
021880
022100
023160
023350
023440
023760
023770
023800
023810
023960
024060
024110
024720
024740
024830
024840
024850
024880
024890
024900
024910
024940
025320
025440
025530
025560
025620
025770
025820
025880
025890
025900
025950
026040
026890
026910
026960
027360
027580
027740
027830
028080
028260
028300
029460
029480
030210
030350
030520
030610
030960
031310
031330
031980
032190
032350
032500
032540
032580
032680
032685
032820
032830
032940
032960
032980
033100
033160
033230
033240
033290
033320
033340
033500
033530
033790
034020
034730
035150
035200
035420
035460
035510
035610
035890
036000
036010
036120
036200
036220
036460
036530
036560
036620
036810
036830
036930
037270
037350
037370
037440
037560
037950
038010
038060
038110
038390
038500
038870
039030
039200
039440
039570
039610
039830
039980
040300
040350
041020
041190
041440
041510
041520
041590
041650
041910
041960
042000
042110
042370
042420
042500
042600
042660
042940
043090
043200
043260
043360
043370
043910
044490
044820
045100
045340
045520
045660
045970
046120
046940
046970
047050
047400
047560
047770
047810
047920
048410
048470
048870
049070
049430
049520
049630
049720
049830
049950
049960
050110
050890
050960
051160
051360
051370
051380
051500
051630
051915
051980
052020
052220
052260
052400
052420
052460
052690
052710
052770
052790
052860
053030
053050
053060
053080
053160
053260
053290
053450
053580
053610
053690
053700
053800
054040
054090
054210
054620
054920
054930
054950
055550
056080
056700
057030
057050
057680
058430
058470
058610
058730
058850
058970
059090
059120
059210
059270
060250
060280
060370
060590
060720
060850
062040
062970
063160
063170
063440
064090
064240
064260
064290
064350
064480
064550
064760
064800
064820
065060
065130
065350
065370
065420
065440
065450
065500
065510
065650
065660
065680
065770
066360
066410
066590
066670
066900
066970
066980
067080
067160
067290
067310
067630
067920
068270
068330
068760
068940
069620
069730
069920
070300
070590
070960
071050
071055
071090
071280
071320
071670
071950
071970
072130
072470
072770
072950
073010
073570
074600
075130
075580
075970
076080
076610
077360
077970
078000
078140
078160
078520
078600
078860
078890
078930
079000
079170
079370
079430
079550
079810
079900
079960
080220
080420
080530
080580
081150
081580
082210
082270
082740
082800
082850
082920
083310
083420
083450
083500
083650
083660
083930
084110
084370
084440
084690
084990
085310
085620
085660
085670
086280
086390
086670
086710
086820
086900
086980
087010
087600
088130
088290
088350
088390
089010
089030
089150
089230
089600
089790
089850
089890
089970
090080
090350
090355
090360
090435
090470
090710
091120
091440
091580
091810
092070
092200
092220
092460
092730
092790
092870
093240
093320
093370
093520
093640
094170
094360
094480
094820
094840
094940
095270
095340
095500
095610
095910
096350
096530
096630
097230
097800
097870
098460
098660
099190
099220
099320
099410
099430
099440
100090
100220
100840
101000
101140
101170
101360
101490
101530
101670
101730
101930
102120
102370
102940
103140
103590
103840
104460
104700
105330
105560
105630
105740
105840
106190
106240
107600
107640
108380
108490
108860
109610
109820
110020
110990
112290
113810
114190
114810
114840
115180
115440
115450
115500
115610
117580
117670
117730
118990
119610
119830
119850
121600
121850
122640
122690
122870
123010
123330
123410
123420
123690
123750
124500
124560
125210
126340
126560
126700
126720
126880
127120
127980
131030
131180
131290
131400
133820
134580
136410
137400
138610
139130
140070
140410
140670
140860
141080
142210
143240
144960
145020
145210
145720
145990
146320
147760
147830
148150
148250
148780
149950
149980
151860
153460
156100
158430
159010
159910
160190
161000
161580
161890
163560
163730
166090
166480
168330
168360
170030
170900
170920
171090
172670
173130
174900
175140
175330
176750
177350
178320
179290
179900
180640
18064K
181710
182360
183190
183300
184230
185750
186230
187220
187270
187420
187660
187790
187870
189300
189330
189690
190510
191410
191420
192390
192820
194370
194700
195870
195940
196170
196300
196450
198080
199430
199550
199800
200470
200670
200710
200880
201490
203400
203450
203690
204020
204270
204320
204620
204840
205100
205470
206400
206560
206640
206650
207760
210120
210540
210980
211050
211270
212560
214150
214260
214370
214390
214420
214430
214450
214680
215100
215200
215380
215600
216080
217190
217730
217820
218150
218410
219130
220100
220180
222080
222110
222160
222800
223250
223310
224060
224110
225190
225570
225590
226320
226330
226400
226590
226950
227610
228760
229640
230240
232140
234300
234340
234690
234920
236200
237690
237820
238090
239890
240810
241520
241560
241590
241710
241770
241840
242040
246690
247540
249420
250060
251120
251270
251630
251970
252990
253450
253590
254120
255220
255440
256840
256940
257720
258610
258790
259630
260970
261200
262260
263020
263600
263720
263750
263810
263860
264450
264850
265520
265740
267260
267270
267320
267790
267850
270520
270660
270870
271830
272110
272210
273060
274090
275630
277810
277880
278650
281740
282880
285490
286750
288330
288980
289930
290560
290650
290660
290670
290690
290740
293580
293780
294140
294570
294870
295310
297090
298020
298040
298050
298380
298690
298830
299030
300080
300120
304360
304840
305090
307180
307750
307930
307950
308430
309930
310200
310210
311320
314930
315640
316140
317330
317530
317830
317850
317870
318000
319400
320000
321260
321820
322000
322180
322310
322780
323280
326030
327260
328130
328380
329180
330350
330860
332570
333430
334970
335870
336060
336260
337930
338220
338840
339770
340360
340440
340930
344860
347700
347850
347860
348080
348210
348340
348370
351320
352480
352820
353200
353810
354320
355150
356680
356860
356890
357550
357580
357780
357880
358570
359090
360070
361390
361610
361670
363250
365330
365340
365590
368770
370090
371950
372320
372800
373200
375500
37550K
37550L
376180
376300
376930
376980
377450
377480
377740
378800
380540
381620
382480
382800
382900
383220
383310
383930
388050
388610
388720
388790
389020
389030
389260
389470
389500
393210
396270
397030
399720
402030
402340
403870
408920
412350
413630
416180
417010
417200
417500
417840
419530
424760
424960
424980
425420
432720
440110
440320
441270
443670
445180
445680
448280
448900
451760
452260
452280
454910
456010
457190
460940
472850
475150
475400
475830
475960
476060
482630
487570
900140
900290
900310
900340
950160
950170
950210